28
8543176 7076050 6809166
-6935670 7331481 -5075264
25976 6516271 -474607
4701404 -2710560 1297741
9713081 9965987 -3230207
621844 -3243493 3293824
-464715 -5252962 -3616741
-3272915 -4561030 2111761
7149763 8558807 1894114
-9118010 3615576 1586578
6623931 2158753 -1337371
3433098 5223083 -4005889
8357834 -4750941 -7489617
-2116773 9950462 -200178
9180967 9663544 -234190
-4049239 285388 6522316
9244584 9820672 -8730645
-4372157 -3452242 -3291675
7739603 -6302479 -4732867
-366283 -5420490 8882708
-8779704 -8796558 1041462
-117075 4636539 -3735455
5877035 2994374 1513603
8387417 -9122399 1464066
-1812760 -9941431 1127610
7953050 -3990671 -8587001
4475367 -4746087 -8766328
5744721 881756 -2218571